image_width: 1280
image_height: 960
camera_name: 14137659
camera_matrix:
  rows: 3
  cols: 3
  data: [1175.784268714723, 0, 634.3685892008036, 0, 1175.568908995358, 476.0083789333527, 0, 0, 1]
distortion_model: plumb_bob
distortion_coefficients:
  rows: 1
  cols: 5
  data: [-0.411223172837465, 0.1438688483012918, 0.000861111543709094, -0.0004509798487291206, 0]
rectification_matrix:
  rows: 3
  cols: 3
  data: [0.9997022364202798, -0.001273109910209161, -0.02436837473955986, 0.001194610851655896, 0.9999940517636968, -0.003235636280258451, 0.02437234911132278, 0.003205562100715877, 0.9996978108260588]
projection_matrix:
  rows: 3
  cols: 4
  data: [877.6605282649625, 0, 657.7188491821289, 0, 0, 877.6605282649625, 475.1872215270996, 0, 0, 0, 1, 0]
