image_width: 1280
image_height: 960
camera_name: 14137642
camera_matrix:
  rows: 3
  cols: 3
  data: [1179.336411032549, 0, 622.6723920183791, 0, 1179.665995583469, 475.2870631371013, 0, 0, 1]
distortion_model: plumb_bob
distortion_coefficients:
  rows: 1
  cols: 5
  data: [-0.4249749004588563, 0.1745203961187193, -0.000534213489575669, -8.866458156791684e-06, 0]
rectification_matrix:
  rows: 3
  cols: 3
  data: [0.9997240547322287, 0.0005762023454598085, -0.02348366199315816, -0.0005005570443616969, 0.9999946681380154, 0.003226939445663812, 0.02348539615159073, -0.003214294074556308, 0.9997190127636891]
projection_matrix:
  rows: 3
  cols: 4
  data: [877.6605282649625, 0, 657.7188491821289, -104.4192259227696, 0, 877.6605282649625, 475.1872215270996, 0, 0, 0, 1, 0]